0: [(-3, 3), (134, 140), (140, 134), (3, -3)]
32: [(-3, 3), (132, 142), (138, 136), (3, -3)]
64: [(-3, 3), (130, 144), (136, 139), (3, -3)]
96: [(-3, 3), (128, 146), (134, 141), (3, -3)]
128: [(-3, 3), (126, 148), (132, 143), (3, -3)]
160: [(-3, 3), (123, 150), (129, 145), (3, -3)]
192: [(-3, 3), (121, 152), (127, 146), (3, -3)]
224: [(-3, 3), (119, 153), (125, 148), (3, -3)]
256: [(-3, 2), (116, 155), (123, 150), (3, -2)]
288: [(-3, 2), (114, 157), (121, 152), (3, -2)]
320: [(-3, 2), (112, 159), (118, 154), (3, -2)]
352: [(-3, 2), (109, 160), (116, 156), (3, -2)]
384: [(-3, 2), (107, 162), (113, 157), (3, -2)]
416: [(-3, 2), (104, 164), (111, 159), (3, -2)]
448: [(-3, 2), (102, 165), (109, 161), (3, -2)]
480: [(-3, 2), (99, 167), (106, 162), (3, -2)]
512: [(-3, 2), (97, 168), (104, 164), (3, -2)]
544: [(-3, 2), (94, 170), (101, 166), (3, -2)]
576: [(-3, 2), (92, 171), (99, 167), (3, -2)]
608: [(-4, 2), (89, 172), (96, 168), (4, -2)]
641: [(-4, 2), (87, 174), (94, 170), (4, -2)]
673: [(-4, 2), (84, 175), (91, 171), (4, -2)]
705: [(-4, 2), (81, 176), (89, 173), (4, -2)]
737: [(-4, 2), (79, 177), (86, 174), (4, -2)]
769: [(-4, 2), (76, 179), (83, 175), (4, -2)]
801: [(-4, 2), (73, 180), (81, 177), (4, -2)]
833: [(-4, 2), (71, 181), (78, 178), (4, -2)]
865: [(-4, 1), (68, 182), (75, 179), (4, -1)]
897: [(-4, 1), (65, 183), (73, 180), (4, -1)]
929: [(-4, 1), (62, 184), (70, 181), (4, -1)]
961: [(-4, 1), (60, 185), (67, 182), (4, -1)]
993: [(-4, 1), (57, 186), (64, 183), (4, -1)]
1025: [(-4, 1), (54, 186), (62, 184), (4, -1)]
1057: [(-4, 1), (51, 187), (59, 185), (4, -1)]
1089: [(-4, 1), (48, 188), (56, 186), (4, -1)]
1121: [(-4, 1), (45, 189), (53, 187), (4, -1)]
1153: [(-4, 1), (43, 189), (50, 187), (4, -1)]
1185: [(-4, 1), (40, 190), (47, 188), (4, -1)]
1217: [(-4, 1), (37, 191), (45, 189), (4, -1)]
1250: [(-4, 1), (34, 191), (42, 189), (4, -1)]
1282: [(-4, 1), (31, 192), (39, 190), (4, -1)]
1314: [(-4, 1), (28, 192), (36, 191), (4, -1)]
1346: [(-4, 1), (25, 192), (33, 191), (4, -1)]
1378: [(-4, 1), (22, 193), (30, 192), (4, -1)]
1410: [(-4, 0), (19, 193), (27, 192), (4, 0)]
1442: [(-4, 0), (16, 193), (24, 192), (4, 0)]
1474: [(-4, 0), (14, 194), (22, 193), (4, 0)]
1506: [(-4, 0), (11, 194), (19, 193), (4, 0)]
1538: [(-4, 0), (8, 194), (16, 193), (4, 0)]
1570: [(-4, 0), (5, 194), (13, 194), (4, 0)]
1602: [(-4, 0), (2, 194), (10, 194), (4, 0)]
1634: [(-4, 0), (-1, 194), (7, 194), (4, 0)]
1666: [(-4, 0), (-4, 194), (4, 194), (4, 0)]
1698: [(-4, 0), (-7, 194), (1, 194), (4, 0)]
1730: [(-4, 0), (-10, 194), (-2, 194), (4, 0)]
1762: [(-4, 0), (-13, 194), (-5, 194), (4, 0)]
1794: [(-4, 0), (-16, 193), (-8, 194), (4, 0)]
1826: [(-4, 0), (-19, 193), (-11, 194), (4, 0)]
1858: [(-4, 0), (-22, 193), (-14, 194), (4, 0)]
1891: [(-4, 0), (-24, 192), (-16, 193), (4, 0)]
1923: [(-4, 0), (-27, 192), (-19, 193), (4, 0)]
1955: [(-4, -1), (-30, 192), (-22, 193), (4, 1)]
1987: [(-4, -1), (-33, 191), (-25, 192), (4, 1)]
2019: [(-4, -1), (-36, 191), (-28, 192), (4, 1)]
2051: [(-4, -1), (-39, 190), (-31, 192), (4, 1)]
2083: [(-4, -1), (-42, 189), (-34, 191), (4, 1)]
2115: [(-4, -1), (-45, 189), (-37, 191), (4, 1)]
2147: [(-4, -1), (-47, 188), (-40, 190), (4, 1)]
2179: [(-4, -1), (-50, 187), (-43, 189), (4, 1)]
2211: [(-4, -1), (-53, 187), (-45, 189), (4, 1)]
2243: [(-4, -1), (-56, 186), (-48, 188), (4, 1)]
2275: [(-4, -1), (-59, 185), (-51, 187), (4, 1)]
2307: [(-4, -1), (-62, 184), (-54, 186), (4, 1)]
2339: [(-4, -1), (-64, 183), (-57, 186), (4, 1)]
2371: [(-4, -1), (-67, 182), (-60, 185), (4, 1)]
2403: [(-4, -1), (-70, 181), (-62, 184), (4, 1)]
2435: [(-4, -1), (-73, 180), (-65, 183), (4, 1)]
2467: [(-4, -1), (-75, 179), (-68, 182), (4, 1)]
2500: [(-4, -2), (-78, 178), (-71, 181), (4, 2)]
2532: [(-4, -2), (-81, 177), (-73, 180), (4, 2)]
2564: [(-4, -2), (-83, 175), (-76, 179), (4, 2)]
2596: [(-4, -2), (-86, 174), (-79, 177), (4, 2)]
2628: [(-4, -2), (-89, 173), (-81, 176), (4, 2)]
2660: [(-4, -2), (-91, 171), (-84, 175), (4, 2)]
2692: [(-4, -2), (-94, 170), (-87, 174), (4, 2)]
2724: [(-4, -2), (-96, 168), (-89, 172), (4, 2)]
2756: [(-3, -2), (-99, 167), (-92, 171), (3, 2)]
2788: [(-3, -2), (-101, 166), (-94, 170), (3, 2)]
2820: [(-3, -2), (-104, 164), (-97, 168), (3, 2)]
2852: [(-3, -2), (-106, 162), (-99, 167), (3, 2)]
2884: [(-3, -2), (-109, 161), (-102, 165), (3, 2)]
2916: [(-3, -2), (-111, 159), (-104, 164), (3, 2)]
2948: [(-3, -2), (-113, 157), (-107, 162), (3, 2)]
2980: [(-3, -2), (-116, 156), (-109, 160), (3, 2)]
3012: [(-3, -2), (-118, 154), (-112, 159), (3, 2)]
3044: [(-3, -2), (-121, 152), (-114, 157), (3, 2)]
3076: [(-3, -2), (-123, 150), (-116, 155), (3, 2)]
3108: [(-3, -3), (-125, 148), (-119, 153), (3, 3)]
3141: [(-3, -3), (-127, 146), (-121, 152), (3, 3)]
3173: [(-3, -3), (-129, 145), (-123, 150), (3, 3)]
3205: [(-3, -3), (-132, 143), (-126, 148), (3, 3)]
3237: [(-3, -3), (-134, 141), (-128, 146), (3, 3)]
3269: [(-3, -3), (-136, 139), (-130, 144), (3, 3)]
3301: [(-3, -3), (-138, 136), (-132, 142), (3, 3)]
3333: [(-3, -3), (-140, 134), (-134, 140), (3, 3)]
3365: [(-3, -3), (-142, 132), (-136, 138), (3, 3)]
3397: [(-3, -3), (-144, 130), (-139, 136), (3, 3)]
3429: [(-3, -3), (-146, 128), (-141, 134), (3, 3)]
3461: [(-3, -3), (-148, 126), (-143, 132), (3, 3)]
3493: [(-3, -3), (-150, 123), (-145, 129), (3, 3)]
3525: [(-3, -3), (-152, 121), (-146, 127), (3, 3)]
3557: [(-3, -3), (-153, 119), (-148, 125), (3, 3)]
3589: [(-2, -3), (-155, 116), (-150, 123), (2, 3)]
3621: [(-2, -3), (-157, 114), (-152, 121), (2, 3)]
3653: [(-2, -3), (-159, 112), (-154, 118), (2, 3)]
3685: [(-2, -3), (-160, 109), (-156, 116), (2, 3)]
3717: [(-2, -3), (-162, 107), (-157, 113), (2, 3)]
3750: [(-2, -3), (-164, 104), (-159, 111), (2, 3)]
3782: [(-2, -3), (-165, 102), (-161, 109), (2, 3)]
3814: [(-2, -3), (-167, 99), (-162, 106), (2, 3)]
3846: [(-2, -3), (-168, 97), (-164, 104), (2, 3)]
3878: [(-2, -3), (-170, 94), (-166, 101), (2, 3)]
3910: [(-2, -3), (-171, 92), (-167, 99), (2, 3)]
3942: [(-2, -4), (-172, 89), (-168, 96), (2, 4)]
3974: [(-2, -4), (-174, 87), (-170, 94), (2, 4)]
4006: [(-2, -4), (-175, 84), (-171, 91), (2, 4)]
4038: [(-2, -4), (-176, 81), (-173, 89), (2, 4)]
4070: [(-2, -4), (-177, 79), (-174, 86), (2, 4)]
4102: [(-2, -4), (-179, 76), (-175, 83), (2, 4)]
4134: [(-2, -4), (-180, 73), (-177, 81), (2, 4)]
4166: [(-2, -4), (-181, 71), (-178, 78), (2, 4)]
4198: [(-1, -4), (-182, 68), (-179, 75), (1, 4)]
4230: [(-1, -4), (-183, 65), (-180, 73), (1, 4)]
4262: [(-1, -4), (-184, 62), (-181, 70), (1, 4)]
4294: [(-1, -4), (-185, 60), (-182, 67), (1, 4)]
4326: [(-1, -4), (-186, 57), (-183, 64), (1, 4)]
4358: [(-1, -4), (-186, 54), (-184, 62), (1, 4)]
4391: [(-1, -4), (-187, 51), (-185, 59), (1, 4)]
4423: [(-1, -4), (-188, 48), (-186, 56), (1, 4)]
4455: [(-1, -4), (-189, 45), (-187, 53), (1, 4)]
4487: [(-1, -4), (-189, 43), (-187, 50), (1, 4)]
4519: [(-1, -4), (-190, 40), (-188, 47), (1, 4)]
4551: [(-1, -4), (-191, 37), (-189, 45), (1, 4)]
4583: [(-1, -4), (-191, 34), (-189, 42), (1, 4)]
4615: [(-1, -4), (-192, 31), (-190, 39), (1, 4)]
4647: [(-1, -4), (-192, 28), (-191, 36), (1, 4)]
4679: [(-1, -4), (-192, 25), (-191, 33), (1, 4)]
4711: [(-1, -4), (-193, 22), (-192, 30), (1, 4)]
4743: [(0, -4), (-193, 19), (-192, 27), (0, 4)]
4775: [(0, -4), (-193, 16), (-192, 24), (0, 4)]
4807: [(0, -4), (-194, 14), (-193, 22), (0, 4)]
4839: [(0, -4), (-194, 11), (-193, 19), (0, 4)]
4871: [(0, -4), (-194, 8), (-193, 16), (0, 4)]
4903: [(0, -4), (-194, 5), (-194, 13), (0, 4)]
4935: [(0, -4), (-194, 2), (-194, 10), (0, 4)]
4967: [(0, -4), (-194, -1), (-194, 7), (0, 4)]
5000: [(0, -4), (-194, -4), (-194, 4), (0, 4)]
5032: [(0, -4), (-194, -7), (-194, 1), (0, 4)]
5064: [(0, -4), (-194, -10), (-194, -2), (0, 4)]
5096: [(0, -4), (-194, -13), (-194, -5), (0, 4)]
5128: [(0, -4), (-193, -16), (-194, -8), (0, 4)]
5160: [(0, -4), (-193, -19), (-194, -11), (0, 4)]
5192: [(0, -4), (-193, -22), (-194, -14), (0, 4)]
5224: [(0, -4), (-192, -24), (-193, -16), (0, 4)]
5256: [(0, -4), (-192, -27), (-193, -19), (0, 4)]
5288: [(1, -4), (-192, -30), (-193, -22), (-1, 4)]
5320: [(1, -4), (-191, -33), (-192, -25), (-1, 4)]
5352: [(1, -4), (-191, -36), (-192, -28), (-1, 4)]
5384: [(1, -4), (-190, -39), (-192, -31), (-1, 4)]
5416: [(1, -4), (-189, -42), (-191, -34), (-1, 4)]
5448: [(1, -4), (-189, -45), (-191, -37), (-1, 4)]
5480: [(1, -4), (-188, -47), (-190, -40), (-1, 4)]
5512: [(1, -4), (-187, -50), (-189, -43), (-1, 4)]
5544: [(1, -4), (-187, -53), (-189, -45), (-1, 4)]
5576: [(1, -4), (-186, -56), (-188, -48), (-1, 4)]
5608: [(1, -4), (-185, -59), (-187, -51), (-1, 4)]
5641: [(1, -4), (-184, -62), (-186, -54), (-1, 4)]
5673: [(1, -4), (-183, -64), (-186, -57), (-1, 4)]
5705: [(1, -4), (-182, -67), (-185, -60), (-1, 4)]
5737: [(1, -4), (-181, -70), (-184, -62), (-1, 4)]
5769: [(1, -4), (-180, -73), (-183, -65), (-1, 4)]
5801: [(1, -4), (-179, -75), (-182, -68), (-1, 4)]
5833: [(2, -4), (-178, -78), (-181, -71), (-2, 4)]
5865: [(2, -4), (-177, -81), (-180, -73), (-2, 4)]
5897: [(2, -4), (-175, -83), (-179, -76), (-2, 4)]
5929: [(2, -4), (-174, -86), (-177, -79), (-2, 4)]
5961: [(2, -4), (-173, -89), (-176, -81), (-2, 4)]
5993: [(2, -4), (-171, -91), (-175, -84), (-2, 4)]
6025: [(2, -4), (-170, -94), (-174, -87), (-2, 4)]
6057: [(2, -4), (-168, -96), (-172, -89), (-2, 4)]
6089: [(2, -3), (-167, -99), (-171, -92), (-2, 3)]
6121: [(2, -3), (-166, -101), (-170, -94), (-2, 3)]
6153: [(2, -3), (-164, -104), (-168, -97), (-2, 3)]
6185: [(2, -3), (-162, -106), (-167, -99), (-2, 3)]
6217: [(2, -3), (-161, -109), (-165, -102), (-2, 3)]
6250: [(2, -3), (-159, -111), (-164, -104), (-2, 3)]
6282: [(2, -3), (-157, -113), (-162, -107), (-2, 3)]
6314: [(2, -3), (-156, -116), (-160, -109), (-2, 3)]
6346: [(2, -3), (-154, -118), (-159, -112), (-2, 3)]
6378: [(2, -3), (-152, -121), (-157, -114), (-2, 3)]
6410: [(2, -3), (-150, -123), (-155, -116), (-2, 3)]
6442: [(3, -3), (-148, -125), (-153, -119), (-3, 3)]
6474: [(3, -3), (-146, -127), (-152, -121), (-3, 3)]
6506: [(3, -3), (-145, -129), (-150, -123), (-3, 3)]
6538: [(3, -3), (-143, -132), (-148, -126), (-3, 3)]
6570: [(3, -3), (-141, -134), (-146, -128), (-3, 3)]
6602: [(3, -3), (-139, -136), (-144, -130), (-3, 3)]
6634: [(3, -3), (-136, -138), (-142, -132), (-3, 3)]
6666: [(3, -3), (-134, -140), (-140, -134), (-3, 3)]
6698: [(3, -3), (-132, -142), (-138, -136), (-3, 3)]
6730: [(3, -3), (-130, -144), (-136, -139), (-3, 3)]
6762: [(3, -3), (-128, -146), (-134, -141), (-3, 3)]
6794: [(3, -3), (-126, -148), (-132, -143), (-3, 3)]
6826: [(3, -3), (-123, -150), (-129, -145), (-3, 3)]
6858: [(3, -3), (-121, -152), (-127, -146), (-3, 3)]
6891: [(3, -3), (-119, -153), (-125, -148), (-3, 3)]
6923: [(3, -2), (-116, -155), (-123, -150), (-3, 2)]
6955: [(3, -2), (-114, -157), (-121, -152), (-3, 2)]
6987: [(3, -2), (-112, -159), (-118, -154), (-3, 2)]
7019: [(3, -2), (-109, -160), (-116, -156), (-3, 2)]
7051: [(3, -2), (-107, -162), (-113, -157), (-3, 2)]
7083: [(3, -2), (-104, -164), (-111, -159), (-3, 2)]
7115: [(3, -2), (-102, -165), (-109, -161), (-3, 2)]
7147: [(3, -2), (-99, -167), (-106, -162), (-3, 2)]
7179: [(3, -2), (-97, -168), (-104, -164), (-3, 2)]
7211: [(3, -2), (-94, -170), (-101, -166), (-3, 2)]
7243: [(3, -2), (-92, -171), (-99, -167), (-3, 2)]
7275: [(4, -2), (-89, -172), (-96, -168), (-4, 2)]
7307: [(4, -2), (-87, -174), (-94, -170), (-4, 2)]
7339: [(4, -2), (-84, -175), (-91, -171), (-4, 2)]
7371: [(4, -2), (-81, -176), (-89, -173), (-4, 2)]
7403: [(4, -2), (-79, -177), (-86, -174), (-4, 2)]
7435: [(4, -2), (-76, -179), (-83, -175), (-4, 2)]
7467: [(4, -2), (-73, -180), (-81, -177), (-4, 2)]
7500: [(4, -2), (-71, -181), (-78, -178), (-4, 2)]
7532: [(4, -1), (-68, -182), (-75, -179), (-4, 1)]
7564: [(4, -1), (-65, -183), (-73, -180), (-4, 1)]
7596: [(4, -1), (-62, -184), (-70, -181), (-4, 1)]
7628: [(4, -1), (-60, -185), (-67, -182), (-4, 1)]
7660: [(4, -1), (-57, -186), (-64, -183), (-4, 1)]
7692: [(4, -1), (-54, -186), (-62, -184), (-4, 1)]
7724: [(4, -1), (-51, -187), (-59, -185), (-4, 1)]
7756: [(4, -1), (-48, -188), (-56, -186), (-4, 1)]
7788: [(4, -1), (-45, -189), (-53, -187), (-4, 1)]
7820: [(4, -1), (-43, -189), (-50, -187), (-4, 1)]
7852: [(4, -1), (-40, -190), (-47, -188), (-4, 1)]
7884: [(4, -1), (-37, -191), (-45, -189), (-4, 1)]
7916: [(4, -1), (-34, -191), (-42, -189), (-4, 1)]
7948: [(4, -1), (-31, -192), (-39, -190), (-4, 1)]
7980: [(4, -1), (-28, -192), (-36, -191), (-4, 1)]
8012: [(4, -1), (-25, -192), (-33, -191), (-4, 1)]
8044: [(4, -1), (-22, -193), (-30, -192), (-4, 1)]
8076: [(4, 0), (-19, -193), (-27, -192), (-4, 0)]
8108: [(4, 0), (-16, -193), (-24, -192), (-4, 0)]
8141: [(4, 0), (-14, -194), (-22, -193), (-4, 0)]
8173: [(4, 0), (-11, -194), (-19, -193), (-4, 0)]
8205: [(4, 0), (-8, -194), (-16, -193), (-4, 0)]
8237: [(4, 0), (-5, -194), (-13, -194), (-4, 0)]
8269: [(4, 0), (-2, -194), (-10, -194), (-4, 0)]
8301: [(4, 0), (1, -194), (-7, -194), (-4, 0)]
8333: [(4, 0), (4, -194), (-4, -194), (-4, 0)]
8365: [(4, 0), (7, -194), (-1, -194), (-4, 0)]
8397: [(4, 0), (10, -194), (2, -194), (-4, 0)]
8429: [(4, 0), (13, -194), (5, -194), (-4, 0)]
8461: [(4, 0), (16, -193), (8, -194), (-4, 0)]
8493: [(4, 0), (19, -193), (11, -194), (-4, 0)]
8525: [(4, 0), (22, -193), (14, -194), (-4, 0)]
8557: [(4, 0), (24, -192), (16, -193), (-4, 0)]
8589: [(4, 0), (27, -192), (19, -193), (-4, 0)]
8621: [(4, 1), (30, -192), (22, -193), (-4, -1)]
8653: [(4, 1), (33, -191), (25, -192), (-4, -1)]
8685: [(4, 1), (36, -191), (28, -192), (-4, -1)]
8717: [(4, 1), (39, -190), (31, -192), (-4, -1)]
8750: [(4, 1), (42, -189), (34, -191), (-4, -1)]
8782: [(4, 1), (45, -189), (37, -191), (-4, -1)]
8814: [(4, 1), (47, -188), (40, -190), (-4, -1)]
8846: [(4, 1), (50, -187), (43, -189), (-4, -1)]
8878: [(4, 1), (53, -187), (45, -189), (-4, -1)]
8910: [(4, 1), (56, -186), (48, -188), (-4, -1)]
8942: [(4, 1), (59, -185), (51, -187), (-4, -1)]
8974: [(4, 1), (62, -184), (54, -186), (-4, -1)]
9006: [(4, 1), (64, -183), (57, -186), (-4, -1)]
9038: [(4, 1), (67, -182), (60, -185), (-4, -1)]
9070: [(4, 1), (70, -181), (62, -184), (-4, -1)]
9102: [(4, 1), (73, -180), (65, -183), (-4, -1)]
9134: [(4, 1), (75, -179), (68, -182), (-4, -1)]
9166: [(4, 2), (78, -178), (71, -181), (-4, -2)]
9198: [(4, 2), (81, -177), (73, -180), (-4, -2)]
9230: [(4, 2), (83, -175), (76, -179), (-4, -2)]
9262: [(4, 2), (86, -174), (79, -177), (-4, -2)]
9294: [(4, 2), (89, -173), (81, -176), (-4, -2)]
9326: [(4, 2), (91, -171), (84, -175), (-4, -2)]
9358: [(4, 2), (94, -170), (87, -174), (-4, -2)]
9391: [(4, 2), (96, -168), (89, -172), (-4, -2)]
9423: [(3, 2), (99, -167), (92, -171), (-3, -2)]
9455: [(3, 2), (101, -166), (94, -170), (-3, -2)]
9487: [(3, 2), (104, -164), (97, -168), (-3, -2)]
9519: [(3, 2), (106, -162), (99, -167), (-3, -2)]
9551: [(3, 2), (109, -161), (102, -165), (-3, -2)]
9583: [(3, 2), (111, -159), (104, -164), (-3, -2)]
9615: [(3, 2), (113, -157), (107, -162), (-3, -2)]
9647: [(3, 2), (116, -156), (109, -160), (-3, -2)]
9679: [(3, 2), (118, -154), (112, -159), (-3, -2)]
9711: [(3, 2), (121, -152), (114, -157), (-3, -2)]
9743: [(3, 2), (123, -150), (116, -155), (-3, -2)]
9775: [(3, 3), (125, -148), (119, -153), (-3, -3)]
9807: [(3, 3), (127, -146), (121, -152), (-3, -3)]
9839: [(3, 3), (129, -145), (123, -150), (-3, -3)]
9871: [(3, 3), (132, -143), (126, -148), (-3, -3)]
9903: [(3, 3), (134, -141), (128, -146), (-3, -3)]
9935: [(3, 3), (136, -139), (130, -144), (-3, -3)]
9967: [(3, 3), (138, -136), (132, -142), (-3, -3)]
10000: [(3, 3), (140, -134), (134, -140), (-3, -3)]
